88.711
38.533
36.724
59.698
31.124
50.125
44.182
37.316
43.361
31.793
29.222
8.112
8.156
8.169
8.289
8.258
8.261
8.509
8.384
8.427
8.579
9.316
8.276
8.130
8.222
8.251
8.367
8.202
8.343
8.422
8.443
8.527
9.345
8.170
8.224
8.249
8.191
8.263
8.281
8.364
8.394
8.481
8.572
9.347
8.155
8.223
8.308
8.214
8.300
8.295
8.438
8.411
8.454
8.626
9.295
8.271
8.248
8.296
8.212
8.732
8.323
8.354
8.486
8.373
8.622
9.317
8.255
8.159
8.190
8.248
8.403
8.295
8.328
8.506
8.404
8.616
9.233
8.047
8.143
8.279
8.139
8.289
8.285
8.293
8.453
8.401
8.635
9.237
8.199
8.293
8.250
8.196
8.254
8.237
8.366
8.384
8.413
8.688
9.223
8.175
8.230
8.264
8.315
8.299
8.387
8.386
8.359
8.476
8.617
9.218
8.110
8.203
8.262
8.193
8.220
8.251
8.366
8.447
8.492
8.552
9.202
8.197
8.228
8.326
8.176
8.225
8.229
8.310
8.384
8.517
8.713
9.269
8.172
8.345
8.080
8.228
8.281
8.221
8.287
8.403
8.448
8.582
9.175
8.283
8.291
8.333
8.231
8.310
8.355
8.304
8.391
8.452
8.717
9.043
8.186
8.426
8.270
8.259
8.311
8.241
8.362
8.394
8.589
8.740
14.166
8.161
8.650
8.206
8.286
8.331
8.294
8.498
8.428
8.620
9.378
8.181
8.153
8.325
8.298
8.203
8.363
8.347
8.275
8.508
8.564
44.883
69.632
89.142
71.729
74.970
71.024
27.135
8.081
8.157
8.207
8.287
8.380
8.373
8.394
8.616
8.640
9.355
8.283
8.226
8.181
8.289
8.174
8.313
8.323
8.333
8.492
8.606
9.287
8.178
8.264
8.249
8.396
8.452
