-7.272839726502056124e-05 -1.074513200597494995e-06 9.999266141756146808e-01 5.944689375068143078e-06 1.649896493100221117e-03 3.145431136565551150e-04
3.273668985311395385e-03 -1.406939114785929631e-04 1.003353606811343335e+00 2.744836298281989884e-04 8.278400518844965250e-02 3.799037622699230621e-03
1.506572295391284122e-02 -1.581475977521099160e-03 1.015205610230170752e+00 1.969308308557918274e-03 1.444499515215625085e-01 3.217877043025341166e-02
3.283888644033533533e-02 -7.085949615286481727e-03 1.032940955329301858e+00 7.171465332537346749e-03 1.996549262937002966e-01 7.253724445527220954e-02
5.582729018815268951e-02 -3.060503278513057590e-02 1.054461260502275621e+00 2.176688722082925631e-02 2.000308432904440159e-01 2.522884460680385743e-01
8.190582800609724767e-02 -6.852847201827830248e-02 1.073280279988392261e+00 6.431529557389198404e-02 1.550306055758134960e-01 5.745436005493850251e-01
1.169648946426676273e-01 -1.059760421837217387e-01 1.086312102540067936e+00 1.410182546098224243e-01 9.655111056617360354e-02 9.012770918610597537e-01
1.620707221413042465e-01 -1.166083385499285391e-01 1.093768987964892858e+00 2.478991458571890294e-01 4.349647577145376864e-02 1.149889011835582453e+00
2.214561387159123540e-01 -1.107335104258327652e-01 1.094845134022401467e+00 3.776407484073276977e-01 2.370708379060415538e-02 1.302464332063308694e+00
3.088799232389789484e-01 -1.013373335814497789e-01 1.096117318973982124e+00 5.166774271067393620e-01 6.794122093530474693e-03 1.355264568524599200e+00
4.194932938364497321e-01 -7.918453243048051426e-02 1.096120610038023413e+00 6.584780246561043882e-01 -4.062435973088196484e-03 1.338201780594411527e+00
5.363006905053936402e-01 -3.547663727632149877e-02 1.095571838076558002e+00 7.947916593348633985e-01 -4.575721929124476617e-03 1.281894299074754384e+00
6.477720077338359195e-01 3.095084397057568104e-02 1.094969512621868590e+00 9.266118982517812519e-01 -5.611354138670560099e-03 1.228922953598014844e+00
7.411695624720407993e-01 1.149333737307944303e-01 1.094694944759361910e+00 1.051536654623671518e+00 -2.431912226646223973e-03 1.178527608187295073e+00
8.134556481485167856e-01 2.117670157986911716e-01 1.094639577842394740e+00 1.172576331663693683e+00 -1.137079919077496441e-03 1.151406270040361113e+00
8.660420260892186528e-01 3.172180675883056744e-01 1.094605930011031791e+00 1.291891548805120138e+00 8.347378851695657926e-04 1.141145287101614558e+00
9.015872861840584784e-01 4.281841417991815724e-01 1.094563253560980831e+00 1.410530105449233407e+00 -2.437654491495763992e-04 1.134072783668136131e+00
9.175706430022810833e-01 5.435057852913618426e-01 1.094515792894100059e+00 1.528863132504689748e+00 9.736168021697217713e-05 1.139059057980228884e+00
9.201318913276032019e-01 6.616020191828674291e-01 1.094458435672361674e+00 1.647435396973902400e+00 -1.192371388640120695e-04 1.140761718952099324e+00
9.201219560352371651e-01 7.809104194965216239e-01 1.094409594361130722e+00 1.766756632407075589e+00 -1.401523302386736315e-03 1.152396486037202905e+00
9.201105634585748927e-01 9.022402033976806290e-01 1.094360023479967747e+00 1.886941701871922117e+00 -1.159655077548679821e-04 1.151798035874879167e+00
9.200404075661980929e-01 1.001039922415903671e+00 1.094299316469582450e+00 1.985739516186040721e+00 -8.401226911231163145e-04 7.447410648034379355e-01
9.200424040389997282e-01 1.057087246663371172e+00 1.094222375691771054e+00 2.042140640643210325e+00 -8.434910238185346337e-04 3.370651201084158277e-01
9.200529681221583100e-01 1.072027689901412950e+00 1.094160076263710923e+00 2.056754346048068616e+00 1.125055588900534479e-03 -1.900211478039145498e-04
9.200589601309087096e-01 1.072026710229622815e+00 1.094157619860998354e+00 2.056755060586959338e+00 -8.220525723384780256e-04 -1.092664978157165806e-05
9.200706154096778278e-01 1.072025985186123798e+00 1.094160105607979494e+00 2.056755730223712053e+00 -5.943512826697657566e-04 6.070896202473128890e-05
9.200711957427453180e-01 1.072025987207183562e+00 1.094159907901573581e+00 2.056755755497202021e+00 5.886620193855838460e-04 -6.057100186995897413e-05
9.200711775468355391e-01 1.072025979151928210e+00 1.094159114967457658e+00 2.056755840690418946e+00 5.886609732794507045e-04 -6.057172922287211626e-05
9.200711593502166608e-01 1.072025971097325669e+00 1.094158914530195315e+00 2.056755864852164883e+00 5.886596126934368414e-04 -6.057243570280006727e-05
9.200711411524518102e-01 1.072025963043369279e+00 1.094158714071094440e+00 2.056755889018180294e+00 5.886582519221213346e-04 -6.057314217896912322e-05
