1.000032636605007186e+00 -1.999659815519545969e+00 4.916129964770513680e-04 5.054516948784079297e-04 2.000032773072300429e+00 -2.000000284214391133e+00 1.652148382062198270e-04 -7.579633976619786027e-04 3.000031278386381395e+00 -2.001156803112358773e+00 -4.578995886079114362e-04 7.181422049226366224e-05
1.000039228821097081e+00 -1.999560344447437465e+00 7.930149911785658800e-05 7.412278013565273696e-04 2.000039652411175428e+00 -2.000000220254501748e+00 4.843682663118781435e-04 9.671151920980127891e-04 3.000038500612695280e+00 -2.001378940519680683e+00 4.688449646575343664e-05 -1.906933142066439971e-03
1.000046237164694762e+00 -1.999461146951306389e+00 -4.560934391934067661e-04 1.340709312488883552e-03 2.000046205903841745e+00 -2.000001873284459109e+00 8.177857367519479333e-05 7.275156579043184565e-04 3.000044623897692553e+00 -2.001594694307651690e+00 1.291853434787391616e-04 -2.551022691595468839e-03
1.000053784247838973e+00 -1.999362585775325218e+00 1.583064773490792758e-04 1.255694828445011934e-03 2.000053155709036190e+00 -2.000003279097319453e+00 -4.609445325972936569e-04 -9.616935996836061679e-04 3.000051150929532895e+00 -2.001813688116351742e+00 -4.572353056524611952e-04 7.090413844058107208e-05
1.000060720258513003e+00 -1.999263976564592094e+00 4.917565049359659633e-04 5.047444989564329240e-04 2.000060641780437187e+00 -2.000002989041836710e+00 1.652239201033179586e-04 -7.574184765617662232e-04 3.000058209641199625e+00 -2.002035037935135264e+00 4.602374687201981983e-05 -1.901716821841198087e-03
1.000067326351207875e+00 -1.999164653565776550e+00 7.820576194456626618e-05 7.408358168946678132e-04 2.000067495157339170e+00 -2.000002895891810795e+00 4.847296435062589540e-04 9.646577662829787514e-04 3.000064756243301378e+00 -2.002256052326803815e+00 4.573465114233354656e-05 -1.899958511614947441e-03
1.000074349865937240e+00 -1.999065603852504758e+00 -4.554499416983570658e-04 1.337941874554035137e-03 2.000074022449947808e+00 -2.000004516685091716e+00 8.065021280665795147e-05 7.270591010255543019e-04 3.000071202968773498e+00 -2.002474903985184351e+00 5.348421591122866055e-04 -4.119015550050482768e-03
1.000081910386320994e+00 -1.998967187759369768e+00 1.591501207637996147e-04 1.253861916152080409e-03 2.000080947599637948e+00 -2.000005892282396225e+00 -4.611724701150157995e-04 -9.581826903023434126e-04 3.000077107385578312e+00 -2.002691277840524364e+00 1.242570212931219827e-04 -2.534841367271128357e-03
1.000088859633969207e+00 -1.998868724280270959e+00 4.919001113731333481e-04 5.040488482527530822e-04 2.000088408165088261e+00 -2.000005576000717156e+00 1.652259359741372702e-04 -7.568811724911896728e-04 3.000083369313972792e+00 -2.002908975369819267e+00 -4.561302888833004311e-04 6.936634278165054366e-05
1.000095479666162746e+00 -1.998769547852787820e+00 7.712101513066357697e-05 7.404502111627455198e-04 2.000095235862076493e+00 -2.000005453672615285e+00 4.850884664711925119e-04 9.622136503685987767e-04 3.000090157793174228e+00 -2.003129012741174275e+00 4.459809840427397587e-05 -1.893009206461074767e-03
1.000102518349183844e+00 -1.998670644717695177e+00 -4.548074694743786954e-04 1.335193601836037530e-03 2.000101737175012495e+00 -2.000007042329031037e+00 7.953168320135506255e-05 7.266088577771619150e-04 3.000096391851895472e+00 -2.003346826509030620e+00 5.307827606527459104e-04 -4.097431154699638853e-03
1.000109637663034512e+00 -1.998571038042153303e+00 -4.546454775130672767e-04 1.334502924986470879e-03 2.000108637875973372e+00 -2.000008387804229404e+00 -4.613955436280297142e-04 -9.546891367307725309e-04 3.000102616997553984e+00 -2.003566270326934351e+00 5.297672045593732363e-04 -4.091998712901822981e-03
1.000117215025163375e+00 -1.998472802008256277e+00 1.601957193347526185e-04 1.251585572601349302e-03 2.000115611696410500e+00 -2.000008999178717772e+00 -4.614510931202219662e-04 -9.538099947646561886e-04 3.000108260049112907e+00 -2.003781364915588448e+00 1.193979427793845312e-04 -2.518755793044767568e-03
1.000124180880239688e+00 -1.998374519377633884e+00 4.920787257125932776e-04 5.031880167764907945e-04 2.000123040623157600e+00 -2.000008650138411781e+00 1.652230826841650298e-04 -7.562150681146877955e-04 3.000114261280093508e+00 -2.003997773777079772e+00 -4.550358796126478117e-04 6.782793838812812030e-05
1.000130818390661425e+00 -1.998275524842218598e+00 7.577708016472090675e-05 7.399750885103458919e-04 2.000129836476195688e+00 -2.000008491368322261e+00 4.855341708106063582e-04 9.591704728090192245e-04 3.000120784005133601e+00 -2.004216506402176190e+00 4.319423661586413633e-05 -1.884342314918880474e-03
1.000137876072152654e+00 -1.998176803624403863e+00 -4.540044146428746539e-04 1.331778568464135398e-03 2.000136305564129469e+00 -2.000010039904493109e+00 7.814477462342818881e-05 7.260538112776374585e-04 3.000126755695120995e+00 -2.004433027139052914e+00 5.257799460764380926e-04 -4.070540554079541025e-03
1.000145088234894342e+00 -1.998076639197502002e+00 7.523957956204819001e-05 7.397858544048339577e-04 2.000143739511651031e+00 -2.000009663876292088e+00 4.857126015117848401e-04 9.579491734907363571e-04 3.000132760598416493e+00 -2.004653051654906371e+00 4.263462302984272201e-05 -1.880860358986369317e-03
1.000152607258800730e+00 -1.997979321220555438e+00 1.612294393430339695e-04 1.249329908727046280e-03 2.000150118106082786e+00 -2.000011922131662345e+00 -4.617221394239606801e-04 -9.494641899333122574e-04 3.000138103973907011e+00 -2.004864993533135742e+00 1.146073978078792033e-04 -2.502763649397376881e-03
1.000159589740472033e+00 -1.997881217664637665e+00 4.922558809335113956e-04 5.023380181423331902e-04 2.000157515717759349e+00 -2.000011540439751823e+00 1.652147381781733529e-04 -7.555559629716489126e-04 3.000143848845802985e+00 -2.005080121182821085e+00 -4.539519726330801057e-04 6.628989516784100492e-05
1.000166244735385401e+00 -1.997782403255820016e+00 7.444836391430209729e-05 7.395081441788645344e-04 2.000164280059943955e+00 -2.000011345357628922e+00 4.859755910761930173e-04 9.561465376576854663e-04 3.000150110219133914e+00 -2.005297556578408802e+00 4.181239613811655074e-05 -1.875716514223858952e-03
1.000173321438666107e+00 -1.997683862105692709e+00 -4.532018543165995867e-04 1.328394397079587196e-03 2.000170717289891265e+00 -2.000012853820852143e+00 7.677625348188259029e-05 7.255123865921280901e-04 3.000155823938604804e+00 -2.005512791818594209e+00 5.208671605434694136e-04 -4.043818144571425383e-03
1.000180929402378682e+00 -1.997585944486798271e+00 1.620394365408677970e-04 1.247564557819923550e-03 2.000177557923857208e+00 -2.000014123477547479e+00 -4.619296218218885510e-04 -9.459916769918816923e-04 3.000161008091590809e+00 -2.005725605058128913e+00 1.108452839241968433e-04 -2.490102075052056697e-03
1.000188088023230337e+00 -1.997486733490966060e+00 1.622391170808834841e-04 1.247131044758667756e-03 2.000184469357616734e+00 -2.000014659431872399e+00 -4.619799117199134900e-04 -9.451097384695409092e-04 3.000166661821331626e+00 -2.005942203370508548e+00 1.099090369849941629e-04 -2.486933920530930327e-03
1.000195088063086546e+00 -1.997388804149430763e+00 4.924424078650985193e-04 5.015316306382491341e-04 2.000191836856313188e+00 -2.000014242977469880e+00 1.651869642560962212e-04 -7.549191871235425184e-04 3.000172155460341994e+00 -2.006156059623986465e+00 -4.528557298843832388e-04 6.464804202055457916e-05
9.998449105676063819e-01 -1.997442052649625932e+00 8.132167369916532343e-03 5.887893634750770121e-04 1.999850626288242061e+00 -2.000161596173307910e+00 8.304730649941029566e-03 3.463991592929649421e-04 2.998941126655848333e+00 -1.957303327265919934e+00 -3.225849970322886007e-02 9.665316567738003739e-01
1.005273301624363791e+00 -1.997509425952828988e+00 5.583687039823444220e-02 -3.694347931213230393e-05 2.005328172178494128e+00 -1.999776662881098899e+00 5.650316792693120538e-02 1.133241157513853459e-02 2.995269650451774179e+00 -1.857874766682141354e+00 -7.749571511780907473e-02 9.558370136361521441e-01
1.007702135641522112e+00 -1.997550443535439646e+00 -4.470003007384189958e-02 -8.750536503246898745e-03 2.007656902575394309e+00 -1.998455639943095941e+00 -4.578896838011611847e-02 2.130620154195239646e-02 2.978092019975533411e+00 -1.757251561644550319e+00 -2.792455231494982981e-01 9.612874023371172916e-01
9.998154571673283364e-01 -1.997739937631415774e+00 -8.837133335556233982e-02 -2.065095862379405164e-03 1.999725886485259174e+00 -1.996660399937365549e+00 -8.999922570388638188e-02 3.011509347058866082e-02 2.941623931859834951e+00 -1.660958343670154269e+00 -4.048067210475879696e-01 9.346837585813281279e-01
9.944799086104204600e-01 -1.997809222385643846e+00 -1.103904658598164369e-02 -3.620236978476160106e-04 1.994460783536248005e+00 -1.993059382894309284e+00 -9.034502915488185071e-03 4.225387032676392041e-02 2.898120680448222242e+00 -1.564784503876032629e+00 -4.311049128225996063e-01 9.312032221106918417e-01
9.963470717184583769e-01 -1.997858115934329604e+00 5.457009019327622307e-02 -7.942394173919356537e-04 1.996361176965784967e+00 -1.988248529527834263e+00 5.885801720229758005e-02 5.348936212063082341e-02 2.851210597363488031e+00 -1.469222479741250753e+00 -4.753688406792673238e-01 9.307281764598118734e-01
1.004770585297934282e+00 -1.997894444511042700e+00 8.254334147478724348e-02 1.592137647538731382e-04 2.004732470886664508e+00 -1.982285186172507263e+00 8.243163863125813062e-02 6.234720113982622491e-02 2.800278825516321124e+00 -1.376220591364260670e+00 -5.368011688884005705e-01 8.742841057990495823e-01
1.012573723576896789e+00 -1.997892653347901337e+00 7.327676468528657172e-02 7.618865215942849378e-04 2.012400207751091852e+00 -1.975620241104315777e+00 7.256471286459470482e-02 7.112907062265616531e-02 2.743072623299005475e+00 -1.292746638833164097e+00 -5.937442406507523751e-01 7.791497505992834860e-01
1.019508811636292034e+00 -1.997863153888941534e+00 6.283763878363848865e-02 -1.400072051651185534e-04 2.019025768015095590e+00 -1.964818325297398305e+00 5.711068271207375702e-02 1.632314218266403549e-01 2.682118634632185028e+00 -1.216061184025784003e+00 -5.836915296254095997e-01 7.361858178538286390e-01
1.025840391496936510e+00 -1.997762741255261876e+00 6.168593661219211322e-02 2.100725733532898820e-03 2.024347942140177548e+00 -1.942068043981463488e+00 4.584498188333835378e-02 2.675608448221294955e-01 2.622032922784550468e+00 -1.140039267605228002e+00 -5.934009382255970300e-01 7.393436857138157015e-01
1.032506045835522190e+00 -1.997540424876129261e+00 6.594822639698023903e-02 3.599515910843870126e-03 2.028703119648979314e+00 -1.909634423910203882e+00 3.555836133567552571e-02 3.577459108150083389e-01 2.561858355507821372e+00 -1.063242690226300136e+00 -5.768248560503514977e-01 7.380466903080046270e-01
1.040297803593253745e+00 -1.997128924086840618e+00 8.594240766025050549e-02 5.404764346313400969e-03 2.032270086760853633e+00 -1.870002210701527057e+00 3.313074003115307198e-02 4.106492580574443441e-01 2.503157824670783071e+00 -9.878088897049747130e-01 -5.796913118169095824e-01 7.379356133561516540e-01
1.046815176902252453e+00 -1.996407555176233917e+00 6.328685223463377529e-02 9.331144624804443843e-03 2.031540114134535724e+00 -1.822296672969336839e+00 -2.448182812193705482e-02 5.044312526455848600e-01 2.445709977607398056e+00 -9.116003332730661102e-01 -5.522600683515000997e-01 7.481651673495628430e-01
1.055276420172424512e+00 -1.995330751084083865e+00 1.030635617684980410e-01 1.293553278163850351e-02 2.029212161675404413e+00 -1.768055740103898099e+00 -2.103225553693799377e-02 5.461547571775164922e-01 2.389875062137583051e+00 -8.348241253253061434e-01 -5.363470124700419062e-01 7.431134421505217746e-01
1.068487933440045001e+00 -1.993821096726765774e+00 1.598249437426818020e-01 1.703844333235549069e-02 2.027349884670937019e+00 -1.709390677268336711e+00 -1.534675404424976075e-02 6.119690288416906876e-01 2.337118533626624473e+00 -7.579670241066601699e-01 -4.656805682827211967e-01 7.638060796985916001e-01
1.091743184463704663e+00 -1.991381941452589954e+00 2.837790640373488160e-01 2.873653722907321129e-02 2.026241110437038806e+00 -1.634638383032987807e+00 -6.723357951994760051e-03 7.940843298608527556e-01 2.303870688780772280e+00 -6.731545537070591223e-01 -2.163440481067718524e-01 8.587434107603890698e-01
1.127385257162089705e+00 -1.987769937251053332e+00 4.079408939600073225e-01 4.137245862034033550e-02 2.025816872632705490e+00 -1.547778992297135447e+00 -2.270990602197322464e-03 8.808632251744111796e-01 2.293363598689234895e+00 -5.833577013445633286e-01 -2.278571987427053386e-03 8.778151631188286785e-01
1.174683000966240121e+00 -1.983017538291502291e+00 5.102987458480174876e-01 5.110469269613160392e-02 2.025660066225858369e+00 -1.456055541428672218e+00 -2.549574397638643998e-03 8.829942779092678773e-01 2.293272401821188300e+00 -4.916503887956089613e-01 -2.199111472359615519e-03 8.799744200818906403e-01
1.233616103077049164e+00 -1.977073973415122587e+00 6.252534032218869386e-01 6.276005653358912584e-02 2.025485834117840778e+00 -1.365508221724633486e+00 -5.349114853701690802e-04 8.751412537722990104e-01 2.293157878255121851e+00 -4.011214704926208685e-01 4.895430078611699926e-04 8.771743148621046204e-01
1.303956623261214975e+00 -1.969926009524918920e+00 7.320875430427171704e-01 7.577244632687973880e-02 2.025189845325551463e+00 -1.276396542614656848e+00 -6.288996976092073310e-03 8.444712626678636536e-01 2.287895506581400173e+00 -3.106811760551682622e-01 -1.534310174557850237e-01 8.816675987640292256e-01
1.384029325609862138e+00 -1.960196289906138034e+00 7.927581057204281523e-01 1.209248091130985525e-01 2.024414107634480153e+00 -1.191361050450588266e+00 -1.037164004042892551e-02 7.899416519152976379e-01 2.263549001759610046e+00 -2.195909807721772300e-01 -3.404447295662630935e-01 8.681584492964161681e-01
1.464171457596015635e+00 -1.944532287825386119e+00 7.676263857490726039e-01 1.992211746069189049e-01 2.023345545838757698e+00 -1.114764764478226589e+00 -9.166899197525057996e-03 7.232730242028697631e-01 2.222165099555080570e+00 -1.340062579058486081e-01 -4.303213796633538202e-01 8.103561376231218638e-01
1.541464838148883576e+00 -1.916672501080346702e+00 7.049373441838374665e-01 3.347946360523851306e-01 2.022377723080710510e+00 -1.039182682875844144e+00 -7.454449976341898099e-03 7.254343905103080026e-01 2.176846248156409480e+00 -5.118563741722507998e-02 -4.499617378372405274e-01 7.947077343388637694e-01
1.608139709418578756e+00 -1.877028128247260952e+00 6.019616163415033583e-01 4.017677653991202913e-01 2.022232496939713187e+00 -9.661131329885113139e-01 7.664441426113999256e-04 6.793845699068263855e-01 2.121946118860577268e+00 3.024795779771050422e-02 -5.678894385966055669e-01 7.319198286663219921e-01
1.666134124692351337e+00 -1.830611702358805326e+00 4.978209209545707559e-01 4.652797981445764841e-01 2.022364506005618789e+00 -8.955641671047422925e-01 3.312730187689572059e-03 6.473008900577300606e-01 2.061801899019292339e+00 1.043076191462869312e-01 -6.536227427029231984e-01 6.769598588976233344e-01
1.709271854782345779e+00 -1.780650748799666117e+00 3.470667175543888927e-01 5.060065754746233546e-01 2.022308894572146354e+00 -8.302853301657708851e-01 -3.086484129052879943e-03 6.249156591028839358e-01 1.992101315222346125e+00 1.698783522677901336e-01 -7.048608865731560424e-01 5.999758290545729178e-01
1.742934183748701793e+00 -1.725779868635697767e+00 2.898236114265987928e-01 5.699910225772932826e-01 2.021759146903492343e+00 -7.647855590392458325e-01 -7.662261299266892589e-03 6.541180195862716928e-01 1.919362285401241541e+00 2.306164285694363436e-01 -6.963356238997792103e-01 5.877450755709479058e-01
1.766115097049626881e+00 -1.663800383967133367e+00 1.675242778503521768e-01 5.647569814111933484e-01 2.020715046549558469e+00 -6.961454121017333074e-01 -1.524305783107982037e-02 6.117686592145810121e-01 1.841635289421718058e+00 2.883020411788214665e-01 -8.523207577912861321e-01 4.584876499945798045e-01
1.777985779355437890e+00 -1.605707695357395881e+00 6.962543329582754348e-02 5.905244880000093399e-01 2.018626786073406620e+00 -6.344820252587641818e-01 -2.678500680130757594e-02 6.174538397402442591e-01 1.755086703105810386e+00 3.307868312779931319e-01 -8.392941726761392607e-01 3.922279570532352100e-01
1.781181353429752923e+00 -1.540353745484081660e+00 1.214405589723112355e-03 6.753646312086365455e-01 2.015795067651939831e+00 -5.675870719677560405e-01 -2.963658786714573612e-02 6.854831284061835284e-01 1.669908921463434837e+00 3.713849758967708303e-01 -8.233660733870669102e-01 3.932056349368681647e-01
1.781363680656332438e+00 -1.467083761285129295e+00 3.479491490904755568e-03 7.457095522355580153e-01 2.012169440799505882e+00 -4.933370812760153323e-01 -3.735180940196064503e-02 7.546738289947543254e-01 1.586162129916352193e+00 4.121579649043558002e-01 -8.013065419735690975e-01 3.990950536475565968e-01
1.781518023441616139e+00 -1.390975892043067930e+00 2.856715336324686105e-03 6.340433862271261933e-01 2.007361099467458221e+00 -4.161835900582545045e-01 -5.592609480082966211e-02 6.410869499858500298e-01 1.493811381268675298e+00 4.425485461058825121e-01 -9.639561745791922487e-01 9.692268008034039817e-02
1.781683319249469877e+00 -1.334222770311346729e+00 3.786026978000331389e-03 5.097537739074566865e-01 1.999740177279861975e+00 -3.577769619801345335e-01 -1.245349826572003105e-01 5.367852237975746510e-01 1.398194746964146251e+00 4.416995508945152915e-01 -8.993522700412812654e-01 -4.002121573948615868e-02
1.782161984622449680e+00 -1.285366818808223899e+00 5.368170484033235601e-03 4.305254717757302507e-01 1.977389143042135977e+00 -3.041762630471427364e-01 -2.998711862357917313e-01 4.915638856644609089e-01 1.305778429178571232e+00 4.374863036852220111e-01 -9.001142137565399937e-01 -5.763210338110800329e-02
1.782848682567989229e+00 -1.247491145327040307e+00 7.895070174299301247e-03 3.040306185645395565e-01 1.939741206192137080e+00 -2.595720102567224408e-01 -4.434545048738681716e-01 3.733733911976803155e-01 1.213972891926042630e+00 4.283680206038428806e-01 -8.936134711785026496e-01 -1.013775386304415493e-01
1.783577611494989279e+00 -1.223232614634969906e+00 5.653511256291932074e-03 1.668626247653095529e-01 1.884651911875275143e+00 -2.281852102288268180e-01 -6.221132866092337066e-01 2.311924418033185769e-01 1.120933917338723163e+00 4.183262006989565962e-01 -8.935065370262862405e-01 -9.442906896886911483e-02
1.784058940036283847e+00 -1.212251894259059881e+00 3.091739763910139605e-03 7.979382471146082012e-02 1.812035894457411533e+00 -2.125636354278082341e-01 -7.857318932161331260e-01 1.009492777395624430e-01 1.028916851262633880e+00 4.104037307878900531e-01 -8.958757546379660930e-01 -3.085108632506171344e-02
1.783939655038034866e+00 -1.203644476285580689e+00 -4.266406227432795184e-03 8.755531428743232314e-02 1.725930498417044712e+00 -2.052392692903670657e-01 -8.760141243683663426e-01 3.743001350232116192e-02 9.360552123123514479e-01 4.091864505884968972e-01 -9.040099472643263745e-01 -4.211027236621945995e-03
1.782956975401224664e+00 -1.192770204850164717e+00 -1.653060975191822379e-02 1.764328615089956198e-01 1.628945388145861983e+00 -2.045194809361869370e-01 -1.026839412516064698e+00 2.121446606546387170e-02 8.457215182093237305e-01 4.185273994361895511e-01 -8.043285935724781011e-01 2.975959084276487698e-01
1.780653689606267021e+00 -1.168431665199047398e+00 -2.694866842422161124e-02 3.205413086451719962e-01 1.519242491383073546e+00 -2.028737302989870039e-01 -1.079756725667194495e+00 3.680408921343128470e-02 7.693170078989051142e-01 4.599119666284648966e-01 -7.075985495166435824e-01 4.652009653156093938e-01
1.776653634129328196e+00 -1.127843524664328800e+00 -5.595992395556748100e-02 4.764371137575454940e-01 1.407090058163017243e+00 -1.981395876833051406e-01 -1.081170137640417472e+00 6.719848639494471754e-02 6.987596902150298162e-01 5.088999661399218333e-01 -6.783468628511701848e-01 4.793633367515671706e-01
1.769681704056826010e+00 -1.069510781053254478e+00 -5.639101037525284799e-02 6.659079623684001081e-01 1.295476183543678772e+00 -1.883979623870285225e-01 -1.110847785728821702e+00 9.904782242025733652e-02 6.291735952350142602e-01 5.583743854026123055e-01 -6.751410416499681322e-01 4.898468074083984214e-01
1.762789798377916828e+00 -9.905381678601743456e-01 -7.782210730961014455e-02 8.762684553027997314e-01 1.178335266809863002e+00 -1.781738262533229256e-01 -1.149078359831169793e+00 1.088410007139660463e-01 5.594523042009948988e-01 6.083198159082144896e-01 -6.780028583831820832e-01 4.782809200619616008e-01
1.750295595601594645e+00 -8.904487608084721284e-01 -2.083589725046685048e-01 1.009313147060560301e+00 1.063916029464567092e+00 -1.619935070880054451e-01 -1.027412822814046889e+00 2.409375279845116791e-01 4.887108600483932586e-01 6.569771136097710684e-01 -6.960767632064129851e-01 4.740626019396644297e-01
1.719514050962948071e+00 -7.907425835757428967e-01 -3.658568028964002128e-01 9.109733457702252624e-01 9.708630746317997717e-01 -1.264539014988563248e-01 -7.852276136147703367e-01 4.379281139947847068e-01 4.160100298056965129e-01 7.064583390770757809e-01 -7.121428176062487569e-01 4.914781102095024390e-01
1.677599308935041167e+00 -7.053538849797498234e-01 -4.334148315917232264e-01 7.540685311735105811e-01 9.022123336408878203e-01 -7.258307196201047029e-02 -5.601047261599954030e-01 5.977264211862479693e-01 3.427336308504571050e-01 7.572332759314935879e-01 -7.084817428105197878e-01 4.964122560169723086e-01
1.632401006793533949e+00 -6.327214367463693812e-01 -4.409928371196885077e-01 6.531488100199194236e-01 8.521996653798412646e-01 -5.986646315895016723e-03 -4.172174601784978121e-01 6.868969085925940021e-01 2.720749363947728150e-01 8.095273513959223566e-01 -6.159323743331639456e-01 5.506555955567487004e-01
1.585301723538450336e+00 -5.709919161153664824e-01 -4.722155783015821173e-01 5.314940894029730467e-01 8.172022236745613011e-01 7.041112781694652822e-02 -2.227252375578973598e-01 8.047632278745202594e-01 2.078520647827913070e-01 8.642869368627392745e-01 -8.254624299294776035e-01 3.423331798727093922e-01
1.573427531144055092e+00 -5.387730083192541208e-01 2.072547096861956928e-01 1.207566131333403930e-01 8.144481549756914518e-01 1.123434424933880682e-01 6.541568024996480268e-02 -4.427642614771054586e-02 1.195006781137356727e-01 8.312947693834703555e-01 -5.833980179509240527e-01 -6.741037830049650958e-01
1.594183051746526303e+00 -5.365414880861305580e-01 1.858872733935689747e-01 -2.331698681724794775e-03 8.260999426709965121e-01 1.035904745789920089e-01 1.321078031017521026e-01 -6.125872068680943139e-02 6.718345776241568812e-02 7.547799716495647848e-01 -4.840664298387793996e-01 -7.789803267275838827e-01
1.609870994193309812e+00 -5.367511450930957384e-01 1.163810268646584545e-01 -7.299191058553356620e-03 8.369337112532828638e-01 9.758490519958129550e-02 7.536952644923261557e-02 -5.577481387569083182e-02 1.869723826072718781e-02 6.723038268697771880e-01 -4.688337017793972605e-01 -8.311377219114369774e-01
1.607726778009760382e+00 -5.278855864582825408e-01 -1.068855244682250377e-01 2.004123350581219765e-01 8.284259805939561128e-01 9.910348761307782861e-02 -2.462271171203323783e-01 3.227348346854935768e-02 -4.067922048502865123e-02 5.942049015922454824e-01 -6.353932058771732949e-01 -6.418598991857177305e-01
1.586274361557012069e+00 -4.902617456478148839e-01 -2.980526405776695031e-01 4.998045829292146469e-01 7.791777720415790087e-01 1.019829991032316086e-01 -6.567346392276154354e-01 1.766544676373441036e-02 -1.180743333355956937e-01 5.435006681136564932e-01 -8.327090302903455976e-01 -3.398005345640720543e-01
1.550208305075975845e+00 -4.334907641755227914e-01 -3.881695596605765353e-01 5.764693997713089546e-01 7.058371120089503847e-01 1.034583560968824201e-01 -7.469658304338251398e-01 1.338733590276208751e-02 -2.071041189586119435e-01 5.132289659086960443e-01 -8.805068583662228887e-01 -2.832789349698284775e-01
1.507297639609087803e+00 -3.726566818783693669e-01 -4.445042147879126881e-01 6.031663001523144274e-01 6.270765842927633615e-01 1.047652606089551630e-01 -7.668209459814124829e-01 1.166160008094616063e-02 -2.989223466009194863e-01 4.841778492360991892e-01 -8.829552322677324261e-01 -2.705442916970348666e-01
1.457702348777062618e+00 -3.085088613334801000e-01 -5.067744766191033534e-01 6.270653848650620255e-01 5.468038237668800816e-01 1.058686855461813681e-01 -7.879526512448580267e-01 1.007361083378048583e-02 -3.902241441781930109e-01 4.572383729584698631e-01 -8.886047215238001007e-01 -2.577086554272435270e-01
1.402527138984914989e+00 -2.431520772271039688e-01 -5.641764496513498317e-01 6.410206036850568667e-01 4.649720916272225280e-01 1.068464120070534429e-01 -8.005963731372398584e-01 8.953597902341944859e-03 -4.827150038709160373e-01 4.307789195396993787e-01 -8.900085989961907806e-01 -2.514779899885224435e-01
1.338532521916012463e+00 -1.747751681996909945e-01 -6.779223827231130040e-01 6.758425132831431537e-01 3.782567243272129121e-01 1.072810326958704708e-01 -8.771081661440612853e-01 9.415972981002655728e-05 -5.729540975982443385e-01 4.185123217730357115e-01 -8.816851767641179505e-01 -1.277809527459156796e-02
1.264861123931129150e+00 -1.059025728621670881e-01 -7.463954286245592096e-01 6.526321390680877021e-01 2.869666962923284603e-01 1.073271424416191999e-01 -8.905659652245875302e-01 5.357065292966619978e-03 -6.645846507318007301e-01 4.175520365718654592e-01 -8.892488074949393972e-01 -2.034201056523166594e-03
1.184042270767744043e+00 -4.103339914537995625e-02 -8.049267098715665592e-01 5.861264260134310122e-01 1.942244895430069729e-01 1.074116857318376805e-01 -8.963443738881815559e-01 2.214904787175068362e-03 -7.575555645749357803e-01 4.169380035195133782e-01 -8.912606521954751226e-01 -2.382260801370400787e-03
1.098170472037763190e+00 8.994000073690444630e-03 -8.547632157172023737e-01 4.160908563725294051e-01 1.021419623497497042e-01 1.075457462574659628e-01 -8.965051194771828103e-01 -1.050912446853461118e-03 -8.497775012824470009e-01 4.166605529058647339e-01 -8.970220175771087545e-01 -4.243470945134230482e-03
1.008605101496782730e+00 4.349801593777961883e-02 -8.825542006281092977e-01 2.373619571125858418e-01 9.768138915705826264e-03 1.076704120760665628e-01 -8.980638797822315667e-01 -4.058977778215637836e-04 -9.422859118160834546e-01 4.163780411242069546e-01 -8.990763238660414158e-01 -4.229504871747794860e-03
9.168749075372200075e-01 6.004611858646630163e-02 -8.640068587338466388e-01 7.944887426585506285e-02 -8.198592998469900195e-02 1.077652752448546025e-01 -8.624883158683168682e-01 6.235166538648487244e-03 -1.035737602289227732e+00 4.110871619318094417e-01 -9.172590889520521040e-01 -1.680789001943849281e-01
8.363858449790060323e-01 6.358374685669784809e-02 -7.142859285995694085e-01 6.660750178527585080e-03 -1.640750620983760233e-01 1.075789579468889590e-01 -7.149860989563704416e-01 -1.031496281367227930e-02 -1.126640564982172910e+00 3.786275664702836163e-01 -8.218480643416009590e-01 -3.893490423577046222e-01
7.634849036618065465e-01 6.390942161600389471e-02 -7.043453754097844799e-01 -5.731288320913428824e-04 -2.362643693836656844e-01 1.074638365253119399e-01 -6.977268950130590675e-01 9.897601997907123916e-03 -1.209386592680783634e+00 3.377481228306379868e-01 -7.919186019856407910e-01 -3.881588056525591690e-01
6.921228835128686585e-01 6.383766059235403134e-02 -6.771078225734159517e-01 9.018947920918863118e-04 -3.075936866893684840e-01 1.075977171378895564e-01 -6.748483358169609092e-01 -7.125370499773187039e-03 -1.289951470278857260e+00 2.981198752708776878e-01 -7.475873435362855313e-01 -3.696196902168739085e-01
6.226633510511380143e-01 6.394760061840115695e-02 -6.835165074946314423e-01 -4.730824434046417525e-03 -3.770732180659824850e-01 1.075352460378784791e-01 -6.866766996403067536e-01 5.145710454673269041e-03 -1.365712236460580931e+00 2.622706531211033143e-01 -7.251601976157281415e-01 -2.616228727660719899e-01
5.508472181642767307e-01 6.401124576004445232e-02 -7.042405920775560713e-01 -5.683255000050040388e-04 -4.489087799640127940e-01 1.075526660288344538e-01 -7.045129145718574959e-01 -2.882454976724846407e-03 -1.440799529969648773e+00 2.400169890738787504e-01 -7.234997418831043969e-01 -1.481547295014752352e-01
4.786449259127152911e-01 6.413266986675274228e-02 -6.959551555641000364e-01 -1.043154834875021026e-03 -5.211083453720689596e-01 1.075583968286567410e-01 -6.965412171670528618e-01 2.848469495945957219e-03 -1.514844363552114270e+00 2.253282008626172894e-01 -7.097067757389841081e-01 -1.172347756282638570e-01
4.067715285245792622e-01 6.420033821347161107e-02 -6.970335366261664056e-01 1.324519445996363452e-03 -5.929884486599703575e-01 1.075725985492459319e-01 -7.009154647878876876e-01 2.724101585608755538e-03 -1.587840429333222225e+00 2.155291562799468708e-01 -7.072308372768328910e-01 -9.174047117280936803e-02
3.352695380509965739e-01 6.425315038219209240e-02 -6.707353702712868238e-01 -2.251180899936462785e-04 -6.637918028332865372e-01 1.075718218109692759e-01 -6.707680636662348705e-01 -9.432714003128270241e-04 -1.659648362087982054e+00 2.055601933861027908e-01 -6.797711982942130637e-01 -9.782276240516925292e-02
2.985385088645369223e-01 6.374849004642804684e-02 -4.712569232167704118e-03 -9.464092518305292469e-04 -7.005035402848482917e-01 1.075516675197253358e-01 -1.887468185803528814e-03 3.363724093740933646e-05 -1.695639221191577395e+00 2.060743039766842200e-01 -5.877879015848530954e-04 1.122360249383754296e-02
2.984255615792287264e-01 6.361423553212565418e-02 -1.062241904719617592e-03 -1.434357420914702651e-03 -7.006097238544025663e-01 1.075535386187480291e-01 -1.039940994228458508e-03 1.883779807540768986e-05 -1.695640060108231539e+00 2.071397694360833930e-01 1.650160145606083210e-05 1.046952080840537688e-02
2.983136147244399572e-01 6.345314175765454090e-02 -1.055672129324971426e-03 -1.688920724979654873e-03 -7.007144598772789834e-01 1.075554457512891693e-01 -1.013319220609640303e-03 1.768354770073036347e-05 -1.695639523654065117e+00 2.081785050210343269e-01 7.702703263433874630e-05 1.017247940600537158e-02
2.982016209224621073e-01 6.326640566092921192e-02 -1.075447988861596982e-03 -1.934336039421509284e-03 -7.008180743038570082e-01 1.075573491045815899e-01 -9.774388013681753386e-04 1.492214770886304831e-05 -1.695637704933635526e+00 2.092269892737330383e-01 1.322853607288210185e-05 1.017683485411889112e-02
2.980897953058702088e-01 6.305507267618117029e-02 -1.119775757347725269e-03 -2.166212677517031018e-03 -7.009203743706791112e-01 1.075592506670690063e-01 -9.258145702346492773e-04 1.631224981459185319e-05 -1.695634748975345829e+00 2.102508433268787669e-01 1.388582888566527399e-04 9.455496923565741979e-03
