2.912749381697907758e+00 -3.535437649226656764e-02 3.911962663875460766e+00 4.317104807119567789e-03 2.339701734833472303e-03 6.281779198699303894e-04
2.918549872425908021e+00 -3.622873111730696982e-02 3.917839715995622640e+00 4.320796995656761043e-03 1.138624356922083580e-01 -1.759811201139071342e-03
2.936140716607391177e+00 -4.038764603161560524e-02 3.935363966184751039e+00 4.323110150218694055e-03 2.253104485214548203e-01 -1.012170669149667270e-03
2.965585878638955286e+00 -4.875682989337211393e-02 3.964176227630909821e+00 4.321782284957028167e-03 3.364561065383818161e-01 -3.195471404655087942e-04
3.006656290089855688e+00 -5.472116175228949886e-02 4.005362558681429874e+00 4.315094616059144891e-03 4.488407573126815264e-01 6.015426859493960745e-04
3.059211452125408126e+00 -5.589819312187162270e-02 4.057956198201436493e+00 4.322532115925280249e-03 5.621157639695038011e-01 -7.481552439123680814e-06
3.122965206501006286e+00 -6.111054953550904001e-02 4.121497698419312350e+00 4.313686054703523565e-03 6.701118586940983946e-01 -7.013664006103104750e-04
3.199561609061242429e+00 -6.234675417185767121e-02 4.197337578832713412e+00 4.309998665260211283e-03 7.862727844129671073e-01 -9.037014887840710787e-04
3.286470587675858201e+00 -6.734879227015633241e-02 4.284793172566358166e+00 4.317076730827294935e-03 8.969499851447065852e-01 -6.150192107445796256e-05
3.385985458611574295e+00 -7.446977708332984391e-02 4.383885762726388080e+00 4.306589793839380939e-03 1.009378457951501495e+00 4.859038202193410004e-04
3.497508755375722700e+00 -8.585304196488624529e-02 4.494550095949052526e+00 4.314813773314139095e-03 1.114613322069282875e+00 1.128429388946548383e-03
3.613611124234705319e+00 -9.974390539238950359e-02 4.608185897554511357e+00 4.280213095318100361e-03 1.224807480166799190e+00 5.499117972107514475e-04
3.745710599695627252e+00 -1.150722908813643364e-01 4.738563291147076306e+00 4.274329633464584929e-03 1.331343671443496968e+00 2.485329066340088468e-04
3.889705075221806752e+00 -1.350483129729009302e-01 4.881394231748530821e+00 4.264575755337605446e-03 1.445513251867006854e+00 1.593978933432220859e-03
4.046013264313395474e+00 -1.612206746187770379e-01 5.035320048640573809e+00 4.273319983265471030e-03 1.550226634111422808e+00 -8.188810260716654788e-04
4.219093370098589091e+00 -1.983861250843341195e-01 5.199984495382055094e+00 4.295811982850789544e-03 1.649707323658928582e+00 9.183866970184922799e-04
4.407502760808548636e+00 -2.489074671911903347e-01 5.376658822211194177e+00 4.312008125110708238e-03 1.751522702824704902e+00 1.221376476171485851e-03
4.611269239653756458e+00 -3.134893372982320847e-01 5.561252203152013074e+00 4.337719245401642013e-03 1.833213378668432147e+00 -4.865877612585247183e-04
4.821224249832568809e+00 -3.939725422805374633e-01 5.740359686540638329e+00 4.361219009412918741e-03 1.896864544765427985e+00 1.317505850363765146e-03
5.071081053952188000e+00 -4.955519879776664194e-01 5.939076249335532687e+00 4.424244149030346143e-03 1.953933572269841878e+00 1.800303264421473438e-04
