-7.906467522800220138e-06 5.340510827429462159e-06 9.999938899152738259e-01 -4.740905128671607098e-07 4.148963828618875208e-03 -1.577130109905376079e-04
6.046404977303576622e-03 5.351795630733195718e-06 1.006160692764058728e+00 -6.940450173940013732e-07 1.164532110718507624e-01 -9.958458032147398135e-05
2.400891506109686935e-02 5.541102962174917099e-06 1.024237477248462813e+00 -7.536494627607820532e-07 2.289383288882471112e-01 -2.319374196975006696e-04
5.353820632327077611e-02 5.541091384498723113e-06 1.053879088510796480e+00 -7.137643248722004357e-07 3.412583290854366846e-01 -2.319372887790957819e-04
9.474877758544592021e-02 5.541079866822236694e-06 1.095201979773129830e+00 -6.739030488245938383e-07 4.535783292888209695e-01 -2.319371574736157026e-04
1.476406288476249662e-01 5.541068413809590557e-06 1.148206151035465084e+00 -6.340654824627048054e-07 5.658983294946351439e-01 -2.319370262003256128e-04
2.122137601098080806e-01 5.541057025512066617e-06 1.212891602297802907e+00 -5.942514999000698115e-07 6.782183297029510394e-01 -2.319368949517071669e-04
2.884681713719938756e-01 5.541045702123031485e-06 1.289258333560142189e+00 -5.544609723264082047e-07 7.905383299137369590e-01 -2.319367637251501752e-04
3.764038626341827953e-01 5.541034443811567337e-06 1.377306344822482487e+00 -5.146937717161611484e-07 9.028583301270388661e-01 -2.319366325120975449e-04
4.760208338963749508e-01 5.541023250766653153e-06 1.477035636084825132e+00 -4.749497719102611156e-07 1.015178330342838331e+00 -2.319365013268512852e-04
5.873190851585703420e-01 5.541012123198826594e-06 1.588446207347169015e+00 -4.352288466693554083e-07 1.127498330561124806e+00 -2.319363701590120268e-04
7.102986164207696351e-01 5.541001061201290084e-06 1.711538058609514801e+00 -3.955308689846313527e-07 1.239818330781948363e+00 -2.319362390074022179e-04
8.463113586989425841e-01 6.481561445702538999e-06 1.847663328712898290e+00 -5.877272094330636165e-07 1.354133284775105528e+00 1.009434998500870879e-04
9.927657699610334952e-01 6.481550427439232086e-06 1.994230059975472535e+00 -5.480746200687796449e-07 1.466453284845221416e+00 1.009429335846056424e-04
1.150901461223127198e+00 6.481539475267822346e-06 2.152478071238050017e+00 -5.084446038908196672e-07 1.578773284915327091e+00 1.009423697498763569e-04
1.320718432485225913e+00 6.481528589507926650e-06 2.322407362500634065e+00 -4.688370368243474491e-07 1.691093284985200729e+00 1.009418082718986924e-04
1.502216683747326531e+00 6.481517770078626247e-06 2.504017933763221126e+00 -4.292517945420008238e-07 1.803413285054967563e+00 1.009412492399022168e-04
1.695396215009429941e+00 6.481507017330583460e-06 2.697309785025810758e+00 -3.896887519553813913e-07 1.915733285124765706e+00 1.009406925901205551e-04
1.900257026271539029e+00 6.481496331404752194e-06 2.902282916288406511e+00 -3.501477865733622775e-07 2.028053285194406197e+00 1.009401383459341476e-04
2.118937538581548985e+00 6.292413486265786334e-06 3.121077700836420554e+00 -2.096909543266827009e-07 2.140373285263848402e+00 1.009395864937124589e-04
