-4.389284481154387407e-06 -1.407803521838340120e-06 9.999953737362943240e-01 4.556962410145905201e-06 -8.576089278524128955e-05 4.536850728639003558e-03
3.666777732943882206e-03 -5.192571431149783836e-04 1.003737382344336737e+00 1.422378046752152680e-04 6.754133971021270000e-02 1.865333111037481562e-03
1.360772076493416138e-02 -3.103448142446889324e-03 1.013728130476723388e+00 1.159158210143729217e-03 1.272031533941280768e-01 1.624329903127907926e-02
2.980203712518536552e-02 -1.738285766547107911e-02 1.029755435319199108e+00 4.687204991272897470e-03 1.966907214319320862e-01 5.780244404332168795e-02
5.628877548882255111e-02 -4.300104032215147642e-02 1.055088341032621946e+00 1.187452970574770506e-02 3.007627811439385068e-01 1.006011332875681452e-01
9.594391711047922655e-02 -7.912994457611852162e-02 1.090763471121792172e+00 2.634766292393175835e-02 3.756305566590102396e-01 2.147290489803181934e-01
1.441337135681737269e-01 -1.136311014281643078e-01 1.130001136307210663e+00 5.646778182233852528e-02 3.785515520938824152e-01 3.675695094433609200e-01
1.948100563985465383e-01 -1.346366714662606823e-01 1.167786370582050148e+00 9.820450493467414166e-02 3.515424411851661990e-01 4.327414747780964910e-01
2.418189604892237443e-01 -1.358701206127470029e-01 1.201988917325636841e+00 1.435479013976197482e-01 3.063994498537719324e-01 4.231971809452276800e-01
2.829963850570503814e-01 -1.346277894888873172e-01 1.230562521133205633e+00 1.860392440383989432e-01 2.389193593783102143e-01 3.991259333931830300e-01
3.174527034386652735e-01 -1.333100166376783857e-01 1.251082653859949989e+00 2.256875468875739754e-01 1.488080199382607050e-01 3.441812723819049902e-01
3.243569490766323726e-01 -1.327925017816907471e-01 1.252817233843561917e+00 2.386268766286696597e-01 -8.641257719770652213e-03 5.613870882253225308e-03
3.243452421225724858e-01 -1.328001285391117448e-01 1.252641713166766646e+00 2.390542555407352832e-01 3.577123454936156216e-03 6.033262092654194386e-03
3.250073073618426345e-01 -1.327931149589572923e-01 1.252995522941936057e+00 2.398424488696303536e-01 6.392141242412316404e-03 1.017803837788839455e-02
3.262222628521379564e-01 -1.327490228297037445e-01 1.253699298370019921e+00 2.411699272996444265e-01 7.320089272151317217e-03 1.385445780661403309e-02
3.273131927216875181e-01 -1.326824315271742383e-01 1.254149167099603446e+00 2.428126928531469386e-01 5.265347976359385784e-03 1.670864294118468846e-02
3.288144770498204750e-01 -1.326148956735938023e-01 1.254916206465377604e+00 2.447086260754735010e-01 8.160134436847557571e-03 1.975522195182374818e-02
3.309093666251482491e-01 -1.325325983135761387e-01 1.256069310916670512e+00 2.471012957206745186e-01 1.079420549712406530e-02 2.614196607745707113e-02
3.321178609039145968e-01 -1.324475910511966892e-01 1.256220248979790455e+00 2.496763095814748534e-01 -1.241416706164030770e-02 1.948225342983742753e-02
3.312796724541583471e-01 -1.324591506950560937e-01 1.255440481786600060e+00 2.495631851571672999e-01 8.679747925988967605e-04 1.618590694691842552e-02
3.327276182567590612e-01 -1.323835399499121990e-01 1.256118832365319626e+00 2.515132989405164388e-01 8.198371002088630788e-03 1.663072689717148139e-02
3.289420321228653243e-01 -1.328087964257695930e-01 1.256306312685704363e+00 2.411437909016980186e-01 -2.714337421237853452e-04 -2.099920975987522309e-01
3.169488437316679841e-01 -1.340534773439909233e-01 1.256298374519389416e+00 2.084786008698134574e-01 -6.111315505364595200e-04 -4.319220755317171867e-01
2.987642154194575239e-01 -1.359331308651100800e-01 1.256289490233468475e+00 1.517596224178862085e-01 -6.563314328083037514e-04 -6.607141232782542950e-01
2.787372632882192391e-01 -1.380101541125954845e-01 1.256279789055943841e+00 7.183974129917458651e-02 1.652863350202538918e-04 -8.942905890859789153e-01
2.622837625544214291e-01 -1.397453680369034612e-01 1.256270114644156832e+00 -3.249194148062711784e-02 -3.708526728757304686e-04 -1.135447648305287771e+00
2.535623564192160950e-01 -1.403980409783092964e-01 1.253281008606543123e+00 -1.625304031508550962e-01 -6.788087269363046738e-02 -1.360733961570011585e+00
2.550080205880581596e-01 -1.391704406167030839e-01 1.239782213214400297e+00 -3.139045596533444060e-01 -2.010588146141938926e-01 -1.573840373528054171e+00
2.723472769568235363e-01 -1.393090258604139375e-01 1.210756621512645070e+00 -4.855503741944896534e-01 -3.821198651490296250e-01 -1.744482111815071068e+00
3.059884856189097890e-01 -1.474066124187992655e-01 1.158194250864599928e+00 -6.714242596655137785e-01 -6.468615058139766116e-01 -1.846981163757803968e+00
3.582695678564868369e-01 -1.674573952942143285e-01 1.075924311841490066e+00 -8.647467319985553402e-01 -9.234088191545584134e-01 -1.833824035229929317e+00
4.013313160278887959e-01 -2.143827209343411866e-01 9.988836797391640321e-01 -1.016960940881926456e+00 -5.449959864377083019e-01 -1.147340535851796073e+00
4.086994147394548693e-01 -2.761159282993544961e-01 9.643166582087634442e-01 -1.108122102796964548e+00 -1.194411981927193944e-01 -6.422282670131351789e-01
4.086597317034645904e-01 -3.196977827532351824e-01 9.612482755604492279e-01 -1.153381240651013773e+00 -1.078965449339175375e-02 -2.379796027250523638e-01
4.086632115823155553e-01 -3.269188419330781303e-01 9.611015901825646912e-01 -1.160472557855946496e+00 9.570931730001686836e-09 -1.338410741420760500e-08
4.086632032826579830e-01 -3.269188350079602623e-01 9.611015907767812561e-01 -1.160472558711553637e+00 3.680113958884076157e-09 -5.077618743711720977e-09
4.086631996565048830e-01 -3.269188319801647480e-01 9.611015910342748381e-01 -1.160472559071704213e+00 1.678741573181935617e-09 -2.119736530338768524e-09
4.086631980719710455e-01 -3.269188306564189128e-01 9.611015911510497611e-01 -1.160472559223884259e+00 8.047645415613492940e-10 -8.280627909359263798e-10
4.086631973746804869e-01 -3.269188300732043251e-01 9.611015912067455425e-01 -1.160472559285595340e+00 4.207390735825012729e-10 -2.605009925652609376e-10
4.086631970734498909e-01 -3.269188298205749077e-01 9.611015912350705515e-01 -1.160472559307050844e+00 2.554072251800824352e-10 -1.615312096372417105e-11
4.086631969392022223e-01 -3.269188297075290572e-01 9.611015912520115556e-01 -1.160472559311555019e+00 1.880238968135076150e-10 7.907229379127635039e-11
4.086631968827971750e-01 -3.269188296593006915e-01 9.611015912637936864e-01 -1.160472559309362328e+00 1.537382351187305577e-10 1.284423656490715528e-10
4.086631968576378560e-01 -3.269188296371637881e-01 9.611015912734075517e-01 -1.160472559303969087e+00 1.403787333785589194e-10 1.481859169581651816e-10
4.086631968461039155e-01 -3.269188296263998428e-01 9.611015912820813911e-01 -1.160472559297188067e+00 1.345105760529866106e-10 1.568593790144716527e-10
4.086631968404826343e-01 -3.269188296205588484e-01 9.611015912904246061e-01 -1.160472559289727590e+00 1.319843057088997463e-10 1.605932287122089572e-10
4.086631968375138424e-01 -3.269188296169437402e-01 9.611015912985074738e-01 -1.160472559282074601e+00 1.308810125449222704e-10 1.622239760717139008e-10
4.086631968356557176e-01 -3.269188296142444550e-01 9.611015913065912297e-01 -1.160472559274230875e+00 1.303951845825167130e-10 1.629417219533207316e-10
4.086631968343071297e-01 -3.269188296119805992e-01 9.611015913145617429e-01 -1.160472559266412684e+00 1.301871574755167421e-10 1.632489654104139541e-10
4.086631968331717046e-01 -3.269188296098954893e-01 9.611015913225205987e-01 -1.160472559258573177e+00 1.300955819272035478e-10 1.633840375754070286e-10
4.086631968321307595e-01 -3.269188296078884282e-01 9.611015913304725711e-01 -1.160472559250723679e+00 1.300546139144817971e-10 1.634444889973465143e-10
4.086633888173703544e-01 -3.269191191747498615e-01 9.611124174242073881e-01 -1.160467113168640818e+00 5.304635601217360871e-03 3.187267191482421637e-03
4.095405095946117457e-01 -3.286173616657088181e-01 9.755249748046255220e-01 -1.153073472902407914e+00 2.724684458303571200e-01 1.469211127110457427e-01
4.122930689788425473e-01 -3.330117087728461378e-01 1.016201076191476815e+00 -1.130149049886937762e+00 5.176468192482761577e-01 3.072976052183332696e-01
4.185278544151671554e-01 -3.458651243583347190e-01 1.079514956518346835e+00 -1.096558117070741911e+00 7.087995822140698010e-01 3.291113366535012297e-01
4.375751537345635711e-01 -3.724261610149255941e-01 1.161396670369502448e+00 -1.063013293410114635e+00 8.789926437078838806e-01 3.173709284570104261e-01
4.788792478299209732e-01 -4.071490475359525463e-01 1.259302595107928191e+00 -1.033424808780359250e+00 1.022089642733000181e+00 2.460694180025199129e-01
5.499560169611720228e-01 -4.448804325729229792e-01 1.373344293257911852e+00 -1.015598245828099433e+00 1.173308039250619217e+00 6.922304599243589429e-02
6.518780190086720383e-01 -4.839882515200047974e-01 1.502087674748379342e+00 -1.012504039038624404e+00 1.327700296151809400e+00 6.712185046590871118e-02
7.695910208113114770e-01 -5.171993703632620232e-01 1.646137912861503905e+00 -1.001032014826586991e+00 1.469583830284860504e+00 1.479530763857259401e-01
9.074858031802028879e-01 -5.385469249613568099e-01 1.804726967375566815e+00 -9.831511319209391697e-01 1.611169675790202538e+00 1.944015141485601617e-01
1.070925695941680189e+00 -5.445594714312533835e-01 1.981389327755527230e+00 -9.617884758590697913e-01 1.751245159013559149e+00 1.890883022578512818e-01
1.244609148582465963e+00 -5.446096830059604654e-01 2.155511554530360918e+00 -9.608530345476202772e-01 1.624444364186257372e+00 -3.538030879231363057e-02
1.410462167156531610e+00 -5.443201179135820356e-01 2.318936581529252194e+00 -9.656846138813230951e-01 1.562104260567537040e+00 -5.413904823967807811e-02
1.574312272408793678e+00 -5.433862220607965643e-01 2.480293233087227822e+00 -9.701491595209909002e-01 1.593902835930359307e+00 -2.171167404118490296e-02
1.748169373819698391e+00 -5.395592222528271531e-01 2.651212008673403897e+00 -9.728042252867297179e-01 1.735548515636002431e+00 -6.369152436926950323e-02
1.952183624402009432e+00 -5.188835192698048049e-01 2.836961762693301026e+00 -9.887278261618844821e-01 1.865250589767392775e+00 -2.915938248427312196e-01
2.201472282972495087e+00 -4.798055510507495125e-01 3.031926551504449119e+00 -1.040380567840717863e+00 1.857172686054393118e+00 -7.137342323328714766e-01
2.491318986021064497e+00 -4.409735606543100372e-01 3.215749898652201733e+00 -1.133163042074710081e+00 1.689066998720843538e+00 -1.048681345807195520e+00
2.814443671743107611e+00 -4.225289801795230615e-01 3.378548158886686803e+00 -1.250447210861130198e+00 1.466251096671816967e+00 -1.205199808289783903e+00
3.158168253421509419e+00 -4.440290713533295852e-01 3.517029750270691313e+00 -1.379138084223408001e+00 1.188327060571550131e+00 -1.253517599613346967e+00
3.505076922845135279e+00 -5.145397026154812092e-01 3.625992815812655312e+00 -1.508541116049864073e+00 9.434743075850896554e-01 -1.211512609241694127e+00
3.817615068414720980e+00 -6.224703714909942676e-01 3.728125668683648364e+00 -1.619300123473677244e+00 1.049071943453411038e+00 -9.309029741458448859e-01
4.064211505350931120e+00 -7.300861176182167345e-01 3.844422644317563531e+00 -1.706129351892418544e+00 1.245316094407683316e+00 -7.734443815410633194e-01
4.236870182079817582e+00 -8.144043069440746185e-01 3.992752568488735943e+00 -1.784495351531816709e+00 1.662368495559196191e+00 -7.627900975373629322e-01
4.332401582327269907e+00 -8.737667995899009998e-01 4.185721778704846407e+00 -1.863400170468934025e+00 2.071153092890714476e+00 -7.539772421073911435e-01
4.373791327686975983e+00 -9.361043347678633664e-01 4.418761916295275149e+00 -1.936571885605966159e+00 2.397878004588407386e+00 -6.317200262925226628e-01
4.387619759373134087e+00 -1.032298779595212324e+00 4.678764558871421286e+00 -1.990183889220881852e+00 2.613021688509498563e+00 -4.013653706059138737e-01
4.412005204860669494e+00 -1.175587581621963418e+00 4.952283814577715049e+00 -2.018953919118203544e+00 2.692279860905275601e+00 -1.446452483217337548e-01
4.478979856808637194e+00 -1.365703664649143834e+00 5.232624012051527274e+00 -2.026108749184712288e+00 2.670749392867184380e+00 -5.303455604120210776e-02
4.609469293166636561e+00 -1.583793760510057158e+00 5.506635969760176330e+00 -2.030887423892843380e+00 2.660825188057303947e+00 -2.508465915923541179e-02
4.804883069280769803e+00 -1.814491635023320004e+00 5.783259220021431446e+00 -2.033535640187130511e+00 2.635240785565298616e+00 -1.905329597835303534e-02
5.008398448973736095e+00 -2.024434714743230668e+00 6.010145868051298024e+00 -2.033919939349361883e+00 1.778327766460794157e+00 3.980812239644193617e-03
5.170267153484873646e+00 -2.222088759880435305e+00 6.153217929939542863e+00 -2.032817618173564433e+00 1.005403307093332810e+00 3.791897499913687852e-02
5.300785695331594383e+00 -2.424776392188868535e+00 6.218290555568778188e+00 -2.026285476537248886e+00 2.679377343955884894e-01 9.277377865301983384e-02
5.439315442291142055e+00 -2.625434287012915924e+00 6.229233116053667807e+00 -2.012041533981402175e+00 -1.778662606334280305e-02 1.807153238272687368e-01
5.608464698442375607e+00 -2.781156569684118285e+00 6.218428406569555200e+00 -1.988399957017945585e+00 -1.792850098989806629e-01 2.873800903378164184e-01
5.813015528502673668e+00 -2.873446790544118112e+00 6.205643196706896347e+00 -1.953309606161566236e+00 -2.919517561431073105e-02 4.250494903493558518e-01
6.063206277201245165e+00 -2.886913202246710775e+00 6.202101754560983338e+00 -1.895871009624408243e+00 -1.558146902476620355e-01 7.285884732358098859e-01
6.353348164573464629e+00 -2.795682845155853524e+00 6.157479460461909859e+00 -1.814096160209422992e+00 -7.642307460791686324e-01 7.698583859491194836e-01
6.630453096707393357e+00 -2.574801828087125433e+00 6.053342720552587153e+00 -1.756977173559948868e+00 -1.184655419835078938e+00 2.775770598113320720e-01
6.801442783929243063e+00 -2.240306745115253406e+00 5.930925523525740317e+00 -1.746173828467647349e+00 -1.074386203478018498e+00 4.066599780137236664e-02
6.839214902792382311e+00 -1.885699947196197934e+00 5.848690964428863381e+00 -1.744567009773016375e+00 -5.141065018271817610e-01 1.231842825437634570e-02
6.809167233569109356e+00 -1.569460053665537425e+00 5.824457441183994000e+00 -1.743664926958599537e+00 1.431123649169131241e-02 1.825355978142470526e-03
6.736489285369760438e+00 -1.322713785167150435e+00 5.824445964308446300e+00 -1.732629794713556048e+00 -1.288514703436257486e-02 2.145068951893464304e-01
6.659145837512556731e+00 -1.157488404373200996e+00 5.821220772723674663e+00 -1.703020845867736721e+00 -5.381998710521409407e-02 3.363940696761572036e-01
6.609139391330295155e+00 -1.060849559280335974e+00 5.812878438442236728e+00 -1.665556519628443644e+00 -1.069689562122074916e-01 3.881981307956213767e-01
6.599867602570188119e+00 -1.025459905201664412e+00 5.798637491944902855e+00 -1.623683573302161509e+00 -1.681705505400657719e-01 3.587443731501606115e-01
6.598951157682996893e+00 -1.021794962691611852e+00 5.775611222234934949e+00 -1.589410103174510036e+00 -2.835152173697050859e-01 3.493963678001101858e-01
6.594759474035874369e+00 -1.024904295972422830e+00 5.740261330444612398e+00 -1.544479326309425193e+00 -4.047584597475610280e-01 5.510479734671710483e-01
6.590282076513836351e+00 -1.029101315038646991e+00 5.693861330941418331e+00 -1.472430394883658344e+00 -4.757656418783052787e-01 8.417715865544234122e-01
