4.881350392732475285e-01 2.151893663724194994e+00 0.000000000000000000e+00 0.000000000000000000e+00 1.286825465990010908e+00 2.753636079047748986e+00 0.000000000000000000e+00 0.000000000000000000e+00 2.085515875656943408e+00 3.355378723051236189e+00 6.527890948564841755e-01 4.918192601355902416e-01
-7.634520066109526937e-01 1.458941130666561392e+00 0.000000000000000000e+00 0.000000000000000000e+00 1.606369783552750174e-01 1.076764104434548175e+00 0.000000000000000000e+00 0.000000000000000000e+00 1.084724806884330039e+00 6.945873610592807612e-01 1.236116552160658966e+00 -5.112228580112241350e-01
4.636627605010293252e+00 -1.165584811742222726e+00 0.000000000000000000e+00 0.000000000000000000e+00 4.377453639968715393e+00 -1.997536726155688669e-01 0.000000000000000000e+00 0.000000000000000000e+00 4.118279804124038712e+00 7.660764011172600529e-01 -2.056131539273107767e-01 7.662345347529269102e-01
6.804456109393228758e-01 4.255966382926610336e+00 0.000000000000000000e+00 0.000000000000000000e+00 -2.215905810430450762e-01 3.824306061218813557e+00 0.000000000000000000e+00 0.000000000000000000e+00 -1.123626150491217057e+00 3.392646660710778139e+00 -1.178906717074469229e-01 -5.641540546649471966e-02
-4.797816025596742584e+00 3.326198455479380200e+00 0.000000000000000000e+00 0.000000000000000000e+00 -4.973808525798734337e+00 4.310589904110333492e+00 0.000000000000000000e+00 0.000000000000000000e+00 -5.149802570716767391e+00 5.294979690308575293e+00 -2.296736370233404267e-01 1.284648816282030648e+00
4.786183422327640713e+00 2.991585642167235548e+00 0.000000000000000000e+00 0.000000000000000000e+00 5.757036227984521304e+00 2.751909217495379423e+00 0.000000000000000000e+00 0.000000000000000000e+00 6.727887102465209601e+00 2.512232082945948797e+00 1.136668503913641937e+00 -2.806113879338325012e-01
-3.817255741310667805e+00 1.399210213275238424e+00 0.000000000000000000e+00 0.000000000000000000e+00 -4.438305406089423144e+00 6.154390469688328924e-01 0.000000000000000000e+00 0.000000000000000000e+00 -5.059353755031509081e+00 -1.683319374236527111e-01 -8.800292658246964272e-01 -1.110606616980657879e+00
2.184832175007169752e-01 -8.533806000947645742e-01 0.000000000000000000e+00 0.000000000000000000e+00 3.098115887322939743e-01 -1.849201374559586775e+00 0.000000000000000000e+00 0.000000000000000000e+00 4.011398259005333755e-01 -2.845021392679403682e+00 1.060640194156812766e-01 -1.156497076070215568e+00
-4.384966778345145144e-01 6.843394886864846427e-01 0.000000000000000000e+00 0.000000000000000000e+00 -1.431535750683008867e+00 5.665538123902545964e-01 0.000000000000000000e+00 0.000000000000000000e+00 -2.424574133223889483e+00 4.487687807010259378e-01 -9.200042350636724597e-01 -1.091229754601648894e-01
1.120957227224214314e+00 1.169339968747569181e+00 0.000000000000000000e+00 0.000000000000000000e+00 1.827701877291452170e-01 1.515468715864658034e+00 0.000000000000000000e+00 0.000000000000000000e+00 -7.554160269011337414e-01 1.861597522446126307e+00 -9.595125721709841793e-01 3.539960373398831628e-01
